mecha stuff


	Ixx = 165.413412	Ixy = 0.000000	Ixz = 0.000000
	Iyx = 0.000000	Iyy = 167.071312	Iyz = 0.000000
	Izx = 0.000000	Izy = 0.000000	Izz = 5.337999

